0.0078125
0.05009191110730171
0.03860294073820114
0.1976102888584137
0.11075367778539658
0.0
0.4517463147640228
0.46875
0.23621323704719543
0.6456801295280457
0.2743566036224365
0.3336397111415863
0.4641544222831726
0.3428308963775635
0.36902573704719543
0.5523896813392639
0.3501838147640228
0.5399816036224365
0.3547794222831726
0.4912683963775635
0.33961397409439087
0.23483455181121826
0.572150707244873
0.7380514740943909
0.34191176295280457
0.24080882966518402
0.3345588147640228
0.33869484066963196
0.6047794222831726
0.40257352590560913
0.31295955181121826
0.3961397111415863
0.14705882966518402
0.2803308963775635
0.5978860259056091
0.33639705181121826
0.4306066036224365
0.47058823704719543
0.3763786852359772
0.5542279481887817
0.7454044222831726
0.18658088147640228
0.3170955777168274
0.30974265933036804
0.4361213147640228
0.6760110259056091
0.8125
0.7040441036224365
0.5165441036224365
0.5873161554336548
0.642463207244873
0.8056066036224365
0.7173713445663452
0.7164521813392639
0.5275735259056091
0.46047794818878174
0.8699448704719543
0.5863970518112183
0.7058823704719543
0.47610294818878174
0.33547794818878174
0.7389705777168274
0.859375
0.6534926295280457
0.8033088445663452
0.7132353186607361
0.7509191036224365
0.7886029481887817
0.829963207244873
0.7385110259056091
0.7242646813392639
0.7293198704719543
0.755974292755127
0.6939338445663452
0.6957720518112183
0.71875
0.7688419222831726
0.790900707244873
0.806525707244873
0.7109375
0.6631433963775635
0.7624080777168274
0.6966911554336548
0.7357536554336548
0.7789521813392639
0.822150707244873
0.7155330777168274
0.7238051295280457
0.7173713445663452
0.7817095518112183
0.8005514740943909
0.8685661554336548
0.8313419222831726
0.8207720518112183
0.734375
0.8023896813392639
0.7555146813392639
0.837775707244873
0.6948529481887817
0.8676470518112183
